89765
29908
29859
29808
29778
29759
29754
29701
29685
29670
29646
29632
29628
29584
29561
29515
29455
29455
29376
29303
29300
29268
29211
29203
29172
29148
29131
29128
29105
29103
29092
29089
29055
29046
29039
29003
28929
28920
28833
28827
28815
28809
28793
28762
28736
28730
28713
28644
28584
28554
28546
28528
28521
28514
28469
28442
28441
28430
28403
28375
28369
28311
28297
28280
28264
28166
28105
28078
28056
27965
27922
27921
27919
27903
27865
27860
27856
27826
27793
27776
27772
27736
27714
27672
27646
27618
27570
27554
27439
27428
27408
27395
27387
27308
27238
27234
27205
27197
27196
27195
27174
27162
27138
27109
27099
27039
26951
26924
26904
26898
26892
26888
26860
26797
26795
26795
26731
26676
26666
26655
26557
26533
26529
26520
26490
26481
26476
26376
26368
26344
26316
26301
26296
26261
26239
26153
26151
26110
26094
26030
25923
25921
25905
25837
25736
25734
25699
25690
25686
25678
25667
25626
25586
25579
25456
25360
25303
25235
25109
25052
24959
24956
24912
24874
24854
24854
24846
24821
24820
24814
24700
24690
24664
24603
24559
24465
24430
24348
24277
24255
24225
24211
24154
24153
24149
24059
24035
24023
23912
23890
23867
23836
23830
23823
23814
23797
23783
23742
23704
23681
23663
23629
23611
23594
23541
23532
23524
23495
23490
23474
23248
23233
23226
23220
23190
23140
23135
23120
23098
23060
23050
23046
23041
23035
22993
22962
22946
22901
22895
22846
22835
22817
22795
22765
22715
22577
22546
22426
22388
22340
22323
22269
22265
22238
22108
22102
22084
22034
22025
22017
22001
21959
21940
21933
21906
21894
21885
21883
21862
21861
21801
21791
21773
21771
21770
21755
21703
21672
21663
21632
21617
21567
21561
21556
21526
21498
21489
21449
21428
21427
21423
21389
21337
21327
21267
21240
21235
21220
21193
21138
21124
21116
21115
21091
21083
21051
21044
20935
20925
20876
20859
20844
20822
20814
20788
20786
20744
20713
20705
20694
20654
20596
20565
20531
20528
20521
20512
20505
20450
20432
20425
20396
20387
20377
20341
20333
20316
20298
20292
20242
20238
20224
20151
20111
20089
20085
20080
20016
19996
19977
19919
19917
19900
19824
19808
19764
19741
19659
19649
19610
19587
19545
19498
19495
19466
19466
19464
19429
19410
19390
19378
19308
19288
19271
19266
19193
19191
19165
19163
19112
18975
18956
18917
18839
18836
18784
18736
18692
18671
18623
18616
18552
18542
18528
18501
18447
18438
18428
18407
18377
18362
18306
18283
18259
18172
18157
18105
18097
18069
18066
18014
17984
17979
17973
17888
17863
17822
17792
17708
17668
17646
17631
17602
17488
17484
17456
17444
17440
17420
17334
17284
17280
17259
17249
17246
17157
17144
17113
17109
17053
17037
16990
16980
16951
16913
16877
16870
16866
16847
16828
16775
16765
16750
16747
16723
16699
16661
16659
16656
16650
16627
16609
16579
16561
16474
16399
16381
16376
16365
16358
16310
16256
16235
16207
16186
16160
16153
16094
16038
15997
15980
15931
15920
15824
15804
15784
15744
15704
15623
15620
15610
15605
15594
15573
15547
15512
15464
15420
15386
15362
15339
15332
15309
15233
15225
15201
15155
15136
15116
15113
14950
14948
14939
14888
14817
14768
14747
14580
14568
14561
14557
14536
14524
14514
14450
14350
14324
14287
14253
14247
14225
14221
14211
14167
14121
14044
14042
14004
13964
13940
13917
13912
13884
13870
13855
13846
13825
13813
13780
13761
13616
13560
13552
13465
13428
13418
13414
13407
13389
13355
13354
13291
13216
13215
13195
13168
13150
13132
13117
13112
13064
13043
13034
13010
12953
12893
12886
12874
12868
12853
12852
12811
12806
12792
12782
12765
12678
12676
12606
12566
12565
12506
12495
12478
12466
12455
12368
12330
12300
12271
12192
12182
12150
12113
12103
12086
12023
12019
12017
11865
11823
11795
11768
11767
11706
11700
11666
11579
11566
11552
11549
11528
11526
11522
11519
11513
11485
11484
11348
11346
11346
11345
11281
11275
11268
11228
11169
11137
11108
11107
11101
11061
11041
11022
10942
10938
10913
10883
10863
10861
10846
10834
10829
10819
10790
10773
10726
10723
10714
10713
10589
10573
10569
10544
10526
10524
10467
10447
10388
10293
10206
10205
10174
10092
10065
10050
10041
10032
10013
9984
9954
9942
9871
9846
9843
9826
9826
9793
9757
9714
9697
9598
9552
9547
9475
9365
9336
9311
9271
9253
9167
9125
9107
9101
9098
9080
9036
8976
8965
8963
8950
8949
8932
8911
8877
8875
8854
8829
8804
8779
8760
8754
8701
8625
8619
8586
8579
8550
8526
8513
8449
8434
8391
8377
8364
8300
8267
8159
8133
8067
8052
8017
7933
7893
7807
7803
7791
7790
7779
7775
7771
7752
7727
7689
7629
7532
7474
7440
7421
7420
7349
7271
7265
7228
7197
7156
7149
7130
7089
7067
7036
7024
6959
6910
6907
6904
6880
6741
6703
6680
6601
6578
6578
6552
6515
6467
6420
6418
6406
6380
6367
6345
6234
6198
6144
6113
6091
6072
6055
6049
6006
5992
5922
5886
5877
5823
5767
5743
5734
5732
5725
5654
5600
5579
5579
5576
5540
5539
5527
5511
5493
5442
5419
5410
5381
5329
5283
5179
5145
5124
5116
5116
5090
5073
5065
5052
5045
5044
5042
4854
4832
4816
4809
4791
4789
4659
4618
4573
4560
4532
4514
4448
4433
4419
4413
4371
4358
4301
4256
4185
4183
4173
4163
4044
4029
4028
3963
3941
3918
3906
3861
3831
3829
3825
3677
3641
3612
3591
3584
3553
3545
3482
3456
3452
3443
3433
3398
3385
3363
3344
3300
3206
3200
3181
3108
3092
3064
3060
3042
3022
3003
2999
2986
2923
2923
2856
2836
2774
2756
2680
2676
2673
2642
2637
2627
2607
2585
2575
2549
2511
2491
2483
2480
2470
2449
2425
2389
2383
2364
2288
2258
2252
2233
2202
2186
2114
2104
2047
1932
1911
1901
1868
1744
1743
1692
1686
1510
1490
1455
1400
1383
1363
1314
1282
1201
1164
1151
1119
1116
1116
1046
1045
1043
1013
1002
1000
999
941
937
931
818
672
666
654
639
623
603
554
545
543
508
501
472
449
422
414
311
262
234
189
151
151
144
121
117
115
106
98
89
88
60
52
43
16
12
4
4
3
1
1