1
1
3
4
4
12
16
43
52
60
88
89
98
106
115
117
121
144
151
151
189
234
262
311
414
422
449
472
501
508
543
545
554
603
623
639
654
666
672
818
931
937
941
999
1000
1002
1013
1043
1045
1046
1116
1116
1119
1151
1164
1201
1282
1314
1363
1383
1400
1455
1490
1510
1686
1692
1743
1744
1868
1901
1911
1932
2047
2104
2114
2186
2202
2233
2252
2258
2288
2364
2383
2389
2425
2449
2470
2480
2483
2491
2511
2549
2575
2585
2607
2627
2637
2642
2673
2676
2680
2756
2774
2836
2856
2923
2923
2986
2999
3003
3022
3042
3060
3064
3092
3108
3181
3200
3206
3300
3344
3363
3385
3398
3433
3443
3452
3456
3482
3545
3553
3584
3591
3612
3641
3677
3825
3829
3831
3861
3906
3918
3941
3963
4028
4029
4044
4163
4173
4183
4185
4256
4301
4358
4371
4413
4419
4433
4448
4514
4532
4560
4573
4618
4659
4789
4791
4809
4816
4832
4854
5042
5044
5045
5052
5065
5073
5090
5116
5116
5124
5145
5179
5283
5329
5381
5410
5419
5442
5493
5511
5527
5539
5540
5576
5579
5579
5600
5654
5725
5732
5734
5743
5767
5823
5877
5886
5922
5992
6006
6049
6055
6072
6091
6113
6144
6198
6234
6345
6367
6380
6406
6418
6420
6467
6515
6552
6578
6578
6601
6680
6703
6741
6880
6904
6907
6910
6959
7024
7036
7067
7089
7130
7149
7156
7197
7228
7265
7271
7349
7420
7421
7440
7474
7532
7629
7689
7727
7752
7771
7775
7779
7790
7791
7803
7807
7893
7933
8017
8052
8067
8133
8159
8267
8300
8364
8377
8391
8434
8449
8513
8526
8550
8579
8586
8619
8625
8701
8754
8760
8779
8804
8829
8854
8875
8877
8911
8932
8949
8950
8963
8965
8976
9036
9080
9098
9101
9107
9125
9167
9253
9271
9311
9336
9365
9475
9547
9552
9598
9697
9714
9757
9793
9826
9826
9843
9846
9871
9942
9954
9984
10013
10032
10041
10050
10065
10092
10174
10205
10206
10293
10388
10447
10467
10524
10526
10544
10569
10573
10589
10713
10714
10723
10726
10773
10790
10819
10829
10834
10846
10861
10863
10883
10913
10938
10942
11022
11041
11061
11101
11107
11108
11137
11169
11228
11268
11275
11281
11345
11346
11346
11348
11484
11485
11513
11519
11522
11526
11528
11549
11552
11566
11579
11666
11700
11706
11767
11768
11795
11823
11865
12017
12019
12023
12086
12103
12113
12150
12182
12192
12271
12300
12330
12368
12455
12466
12478
12495
12506
12565
12566
12606
12676
12678
12765
12782
12792
12806
12811
12852
12853
12868
12874
12886
12893
12953
13010
13034
13043
13064
13112
13117
13132
13150
13168
13195
13215
13216
13291
13354
13355
13389
13407
13414
13418
13428
13465
13552
13560
13616
13761
13780
13813
13825
13846
13855
13870
13884
13912
13917
13940
13964
14004
14042
14044
14121
14167
14211
14221
14225
14247
14253
14287
14324
14350
14450
14514
14524
14536
14557
14561
14568
14580
14747
14768
14817
14888
14939
14948
14950
15113
15116
15136
15155
15201
15225
15233
15309
15332
15339
15362
15386
15420
15464
15512
15547
15573
15594
15605
15610
15620
15623
15704
15744
15784
15804
15824
15920
15931
15980
15997
16038
16094
16153
16160
16186
16207
16235
16256
16310
16358
16365
16376
16381
16399
16474
16561
16579
16609
16627
16650
16656
16659
16661
16699
16723
16747
16750
16765
16775
16828
16847
16866
16870
16877
16913
16951
16980
16990
17037
17053
17109
17113
17144
17157
17246
17249
17259
17280
17284
17334
17420
17440
17444
17456
17484
17488
17602
17631
17646
17668
17708
17792
17822
17863
17888
17973
17979
17984
18014
18066
18069
18097
18105
18157
18172
18259
18283
18306
18362
18377
18407
18428
18438
18447
18501
18528
18542
18552
18616
18623
18671
18692
18736
18784
18836
18839
18917
18956
18975
19112
19163
19165
19191
19193
19266
19271
19288
19308
19378
19390
19410
19429
19464
19466
19466
19495
19498
19545
19587
19610
19649
19659
19741
19764
19808
19824
19900
19917
19919
19977
19996
20016
20080
20085
20089
20111
20151
20224
20238
20242
20292
20298
20316
20333
20341
20377
20387
20396
20425
20432
20450
20505
20512
20521
20528
20531
20565
20596
20654
20694
20705
20713
20744
20786
20788
20814
20822
20844
20859
20876
20925
20935
21044
21051
21083
21091
21115
21116
21124
21138
21193
21220
21235
21240
21267
21327
21337
21389
21423
21427
21428
21449
21489
21498
21526
21556
21561
21567
21617
21632
21663
21672
21703
21755
21770
21771
21773
21791
21801
21861
21862
21883
21885
21894
21906
21933
21940
21959
22001
22017
22025
22034
22084
22102
22108
22238
22265
22269
22323
22340
22388
22426
22546
22577
22715
22765
22795
22817
22835
22846
22895
22901
22946
22962
22993
23035
23041
23046
23050
23060
23098
23120
23135
23140
23190
23220
23226
23233
23248
23474
23490
23495
23524
23532
23541
23594
23611
23629
23663
23681
23704
23742
23783
23797
23814
23823
23830
23836
23867
23890
23912
24023
24035
24059
24149
24153
24154
24211
24225
24255
24277
24348
24430
24465
24559
24603
24664
24690
24700
24814
24820
24821
24846
24854
24854
24874
24912
24956
24959
25052
25109
25235
25303
25360
25456
25579
25586
25626
25667
25678
25686
25690
25699
25734
25736
25837
25905
25921
25923
26030
26094
26110
26151
26153
26239
26261
26296
26301
26316
26344
26368
26376
26476
26481
26490
26520
26529
26533
26557
26655
26666
26676
26731
26795
26795
26797
26860
26888
26892
26898
26904
26924
26951
27039
27099
27109
27138
27162
27174
27195
27196
27197
27205
27234
27238
27308
27387
27395
27408
27428
27439
27554
27570
27618
27646
27672
27714
27736
27772
27776
27793
27826
27856
27860
27865
27903
27919
27921
27922
27965
28056
28078
28105
28166
28264
28280
28297
28311
28369
28375
28403
28430
28441
28442
28469
28514
28521
28528
28546
28554
28584
28644
28713
28730
28736
28762
28793
28809
28815
28827
28833
28920
28929
29003
29039
29046
29055
29089
29092
29103
29105
29128
29131
29148
29172
29203
29211
29268
29300
29303
29376
29455
29455
29515
29561
29584
29628
29632
29646
29670
29685
29701
29754
29759
29778
29808
29859
29908
89765